frame-g-003525-2-0234.fits 3 213 2000 630
frame-g-001022-5-0118.fits 175 1419 403 1139
frame-g-007912-3-0193.fits 801 1486 2045 1067
frame-g-007675-2-0089.fits 1863 146 2001 1485
frame-g-002259-3-0061.fits 1952 878 133 492
frame-g-002076-6-0140.fits 1175 155 243 1488
frame-g-002964-6-0514.fits 4 862 1270 81
frame-g-006371-5-0089.fits 1186 348 8 106
frame-g-007932-4-0018.fits 8 1184 623 23
frame-g-006366-5-0106.fits 1068 635 445 97
frame-g-006782-4-0172.fits 1936 1488 1383 5
frame-g-005308-3-0320.fits 1967 1489 1048 4
frame-g-001666-4-0197.fits 1582 1489 1197 2
frame-g-005183-2-0272.fits 1831 9 2040 258
frame-g-004263-4-0348.fits 1611 8 2045 234
frame-g-004646-1-0365.fits 1802 11 2007 286
frame-g-004076-4-0136.fits 284 3 403 642
frame-g-004868-4-0428.fits 1816 1483 1435 5
frame-g-003664-5-0012.fits 1861 181 2040 471
frame-g-003180-1-0254.fits 656 1481 1039 173
frame-i-003562-1-0071.fits 1139 1483 1506 9
frame-i-007761-2-0042.fits 1861 494 1715 1488
frame-i-006123-3-0069.fits 25 172 289 12
frame-i-004829-2-0148.fits 374 1488 874 604
frame-i-007759-5-0155.fits 1576 22 2045 799
frame-i-008049-4-0102.fits 3 252 1005 4
frame-i-003605-3-0129.fits 6 221 2046 466
frame-i-007729-4-0162.fits 1699 9 2041 957
frame-i-007932-3-0113.fits 1374 603 1114 1487
frame-i-002968-6-0030.fits 155 938 1980 177
frame-i-008149-2-0121.fits 1495 1489 1855 752
frame-i-003716-5-0205.fits 1548 472 1942 4
frame-i-006793-5-0075.fits 2008 33 1324 1488
frame-i-004844-6-0102.fits 647 1488 1697 5
frame-i-005079-5-0012.fits 832 1484 1258 126
frame-i-007824-3-0031.fits 400 1488 175 6
frame-i-004868-4-0551.fits 1728 1481 1409 8
frame-i-008142-1-0059.fits 1292 575 1467 2
frame-i-001893-4-0072.fits 376 1487 363 16
frame-i-003992-1-0070.fits 80 1489 469 643
frame-r-002821-1-0176.fits 7 1303 560 825
frame-r-004905-2-0144.fits 259 690 1066 1485
frame-r-001332-4-0014.fits 540 1119 2009 606
frame-r-000094-5-0168.fits 7 1286 2044 1446
frame-r-007941-2-0013.fits 3 1335 1394 733
frame-r-005815-1-0071.fits 871 1487 2046 106
frame-r-007908-1-0030.fits 15 903 224 1350
frame-r-006162-5-0112.fits 4 325 2010 510
frame-r-008049-5-0076.fits 3 1227 1643 44
frame-r-007937-1-0022.fits 4 913 2036 432
frame-r-006572-3-0037.fits 1355 1348 2046 1140
frame-r-002582-6-0138.fits 1201 1476 1337 5
frame-r-003903-5-0043.fits 33 400 866 958
frame-r-004253-3-0066.fits 1685 5 2038 1486
frame-r-003430-2-0047.fits 298 1485 4 455
frame-r-004800-1-0097.fits 218 1486 56 5
frame-r-005061-4-0293.fits 1762 1111 2042 858
frame-r-008158-6-0011.fits 7 849 672 1476
frame-r-007791-5-0033.fits 1300 1254 1376 15
frame-r-001037-3-0159.fits 50 1479 154 67
frame-u-001855-1-0124.fits 434 403 223 6
frame-u-005410-6-0061.fits 470 1488 9 900
frame-u-003538-6-0284.fits 11 1241 2046 620
frame-u-003631-6-0453.fits 7 1071 1627 1480
frame-u-002873-1-0237.fits 850 699 828 1481
frame-u-003903-2-0079.fits 438 4 2044 959
frame-u-005327-3-0047.fits 3 410 2045 1362
frame-u-003813-6-0409.fits 57 1199 314 1464
frame-u-004930-1-0321.fits 1736 1457 2040 565
frame-u-003629-4-0032.fits 14 85 768 230
frame-u-006003-3-0080.fits 1953 1270 1784 8
frame-u-003842-5-0240.fits 17 1187 1130 1484
frame-u-004933-4-0677.fits 1371 1486 1062 9
frame-u-004868-6-0534.fits 1327 920 1436 3
frame-u-005312-1-0126.fits 1267 381 971 1487
frame-u-004470-3-0160.fits 20 839 2045 1348
frame-u-002989-6-0037.fits 1566 203 1422 1487
frame-u-004207-1-0089.fits 2042 1077 5 1242
frame-u-004252-6-0046.fits 949 947 1374 9
frame-u-002243-5-0072.fits 30 1118 921 222
frame-z-001992-6-0110.fits 1518 9 1169 1488
frame-z-007718-2-0289.fits 1025 576 1093 1486
frame-z-008083-5-0108.fits 796 295 2042 1446
frame-z-005410-1-0252.fits 8 948 2043 966
frame-z-002125-5-0043.fits 1651 1212 1533 590
frame-z-004822-3-0172.fits 840 1400 1078 16
frame-z-006074-5-0091.fits 802 962 1367 1488
frame-z-002392-1-0063.fits 7 370 1213 1486
frame-z-002873-1-0235.fits 932 696 913 1339
frame-z-008156-6-0128.fits 1022 824 696 9
frame-z-004389-5-0103.fits 3 321 2045 741
frame-z-002188-5-0076.fits 44 1157 720 1480
frame-z-003313-6-0041.fits 1858 24 1628 1483
frame-z-003818-1-0163.fits 2041 930 807 1473
frame-z-006372-2-0015.fits 9 1223 2039 844
frame-z-006004-2-0021.fits 1556 1245 1613 1486
frame-z-003187-6-0036.fits 2018 970 1223 1478
frame-z-004555-3-0058.fits 976 51 1142 1485
frame-z-006166-6-0062.fits 1154 1488 1506 18
frame-z-001907-4-0206.fits 165 979 96 1484