frame-g-000094-4-0545.fits 500 3 554 1485
frame-g-000109-1-0139.fits 3 809 2047 1002
frame-g-000109-1-0150.fits 960 637 2047 585
frame-g-000109-1-0174.fits 5 749 1871 554
frame-g-000109-1-0203.fits 1385 1487 1879 135
frame-g-000125-6-0409.fits 1691 1037 1769 1488
frame-g-000240-6-0050.fits 495 6 794 1488
frame-g-001045-3-0206.fits 1375 1489 1468 1
frame-g-005794-4-0105.fits 1298 646 517 2
frame-g-000756-5-0153.fits 1698 1273 1155 431
frame-g-001006-1-0054.fits 568 1486 332 11
frame-g-003388-4-0701.fits 2043 1400 2 1197
frame-g-005381-2-0106.fits 631 7 49 1488
frame-g-006585-2-0138.fits 1356 1482 6 458
frame-g-004933-6-0311.fits 2004 1486 1749 13
frame-g-000307-1-0117.fits 809 1319 2042 966
frame-g-007759-4-0149.fits 1301 1448 426 4
frame-g-000273-5-0106.fits 4 515 2043 1211
frame-g-004198-6-0017.fits 1084 1482 1287 15
frame-g-004264-1-0179.fits 6 273 546 4
frame-i-005396-5-0161.fits 1197 493 4 822
frame-i-006366-1-0046.fits 1054 448 1099 3
frame-i-006366-1-0045.fits 1086 1488 1237 1
frame-i-001010-4-0078.fits 1111 1488 1081 30
frame-i-001755-3-0176.fits 468 1487 751 3
frame-i-004073-6-0091.fits 3 1132 2045 310
frame-i-002740-2-0252.fits 588 1488 1190 3
frame-i-006749-4-0176.fits 39 1489 1206 6
frame-i-004829-6-0253.fits 1107 986 596 2
frame-i-003903-4-0058.fits 4 978 503 1210
frame-i-004552-2-0229.fits 157 1487 1407 3
frame-i-006509-1-0145.fits 909 2 1493 462
frame-i-007912-6-0136.fits 1384 407 1238 3
frame-i-005318-1-0127.fits 1712 320 1587 1488
frame-i-004128-2-0070.fits 1054 26 1408 1488
frame-i-007717-4-0544.fits 564 1485 168 4
frame-i-004128-2-0067.fits 415 1477 59 15
frame-i-004458-3-0044.fits 1650 655 2044 1266
frame-i-006581-2-0214.fits 9 1298 629 1480
frame-i-005065-2-0235.fits 27 72 461 1482
frame-r-004576-2-0772.fits 105 1122 1412 2
frame-r-004192-5-0105.fits 933 1484 987 3
frame-r-008109-6-0044.fits 285 951 704 6
frame-r-003926-4-0124.fits 1681 819 1359 1487
frame-r-002141-3-0225.fits 1924 1484 1964 9
frame-r-001742-2-0047.fits 1283 90 2039 317
frame-r-003894-4-0013.fits 2 1280 1967 396
frame-r-004629-2-0262.fits 521 5 613 357
frame-r-001453-6-0108.fits 5 274 1648 1487
frame-r-004930-4-0261.fits 6 116 2046 867
frame-r-004208-2-0270.fits 1300 1486 1536 3
frame-r-004334-6-0115.fits 268 1486 566 1136
frame-r-005182-2-0062.fits 1603 1487 2041 446
frame-r-004192-4-0165.fits 1160 1487 1237 4
frame-r-005381-6-0085.fits 1061 516 1015 11
frame-r-004868-2-0500.fits 1683 7 2019 1479
frame-r-003926-4-0125.fits 702 1488 1414 10
frame-r-004646-2-0239.fits 780 1214 1914 4
frame-r-004894-6-0096.fits 1301 8 2039 273
frame-r-002570-4-0248.fits 680 470 556 7
frame-u-004145-5-0468.fits 1114 1487 37 490
frame-u-003538-5-0305.fits 1451 1472 9 1168
frame-u-002322-3-0076.fits 892 1260 718 1485
frame-u-005327-2-0045.fits 466 1281 675 4
frame-u-004874-2-0177.fits 1281 1021 1853 9
frame-u-002322-1-0050.fits 912 874 979 3
frame-u-007907-3-0085.fits 1156 1171 914 1487
frame-u-001463-2-0034.fits 158 4 867 1485
frame-u-001755-5-0123.fits 619 11 816 1483
frame-u-004571-5-0060.fits 104 1484 30 1231
frame-u-006121-6-0117.fits 113 28 1258 351
frame-u-004198-1-0100.fits 31 847 205 39
frame-u-008083-1-0133.fits 81 1464 44 1101
frame-u-003538-5-0305.fits 164 1201 1341 1449
frame-u-001363-5-0015.fits 1034 476 912 3
frame-u-004844-1-0154.fits 1044 869 1209 1488
frame-u-003903-1-0089.fits 1153 34 1807 166
frame-u-006121-5-0116.fits 1596 726 2039 852
frame-u-001462-6-0639.fits 1007 13 2030 463
frame-u-002861-3-0135.fits 1585 1157 875 9
frame-z-008162-6-0097.fits 268 1466 19 1140
frame-z-004128-5-0346.fits 1425 35 1788 686
frame-z-001345-1-0753.fits 146 1487 2043 448
frame-z-004849-1-0137.fits 471 151 739 1488
frame-z-008162-6-0098.fits 192 5 974 1026
frame-z-002326-5-0313.fits 1277 1488 1468 20
frame-z-003256-2-0064.fits 103 912 19 46
frame-z-005410-1-0014.fits 1204 1487 2026 173
frame-z-005327-1-0044.fits 266 1056 1167 1477
frame-z-004623-4-0362.fits 894 1231 2046 174
frame-z-003525-4-0145.fits 799 1241 4 1102
frame-z-003631-3-0412.fits 1425 291 1298 3
frame-z-004849-3-0179.fits 597 1440 768 5
frame-z-005362-5-0147.fits 900 1488 721 4
frame-z-003103-4-0095.fits 6 292 726 1386
frame-z-008100-3-0058.fits 611 1332 1617 275
frame-z-004679-1-0075.fits 977 1486 2037 1039
frame-z-003996-2-0244.fits 7 512 776 626
frame-z-003525-4-0161.fits 217 6 1629 738
frame-z-002579-3-0145.fits 5 754 2044 1193